# 修复前开的、佣金为 0 的团 —— 待重开源活动 actId（共 205 个，按佣金降序）
# 用法：复制需要的 actId，一行一个

2609180325405674
2609110370232099
2609110436677236
2609170599468500
2609110080569515
2609110189219243
2609100121322469
2609110100827380
2609180074069384
2609100270053241
2609080364911594
2609180240349258
2609180176248854
2609110494993437
2609110079212335
2609110045264147
2609150001587956
2609170593934620
2609100115597614
2609110163869538
2609180265115956
2609110344195204
2609110197695271
2609180040055506
2609110467417708
2609180108377106
2609110416077256
2609110111765677
2609180114723489
2609170486953247
2609170091583807
2609180454845015
2608110218452528
2609180368791472
2609180161203146
2609180157942123
2609170586903473
2609170595087122
2609110297488460
2609180048359595
2609150001476962
2609180193254720
2609180306513515
2609110180426866
2609180193974554
2609110497573214
2609110278302221
2609110180563034
2609090260178824
2609110092518603
2609180045088814
2609180011722590
2609110225682109
2609170293763507
2609170572578677
2609110327982285
2609180132162712
2609180290824925
2609160186079867
2609160067016863
2609170569871129
2609180486249954
2609110375779590
2609110023995733
2609180234103491
2609180229195583
2609110229698952
2609110033007570
2609180155959260
2609180150102251
2609110060171622
2609180377646726
2609180033843411
2609170145864014
2609110191645496
2609110006163390
2609180366645892
2609180262009476
2609180273349366
2609180044167104
2609180071698702
2609160497706166
2609180178585820
2609180371655208
2609180423074487
2609110359593470
2609110260531308
2609180151952546
2609180023454508
2609170470086749
2609170465742924
2609180389341877
2609180064058731
2609170168245302
2609180001835709
2609110034585185
2609110036667291
2609110181209796
2609110016953855
2609180185534932
2609180151976314
2609110256247241
2609110253753087
2609180181315520
2609180075221101
2609100052325428
2609160289053148
2609110077098845
2609180047363199
2609170234838547
2609180143208039
2609100099796131
2609110156126437
2609110090216636
2609180229703764
2609140327281222
2609180175638669
2609180057868664
2609110402997155
2609110292191747
2609170121916965
2609180057312866
2609090100167050
2609110022326072
2609110247611236
2609170227947020
2609110394887608
2609180153569281
2609110253743197
2609110252052122
2609110252043501
2609110267939366
2609110249067219
2609180296747047
2609180468509720
2609160061602591
2609180102242012
2609110077069740
2609110032589129
2609180042206008
2609180074802313
2609180203801089
2609180042425962
2609180001457049
2609090284228474
2609110150098410
2609180322199007
2609180091061845
2609110301242916
2609140291193016
2609180045587360
2609050450697672
2609180172892381
2609180174173664
2609180130725013
2609180125549784
2609180127082849
2609110071682525
2609180254509035
2609080183343367
2609010641105756
2609180028275011
2609110128134097
2609180243616459
2609170239883874
2609180232356444
2609100101758351
2609110090867883
2609130083084566
2609110213777091
2609180025553251
2609110093088939
2609180099369420
2608240175839536
2609110286573147
2609180046999115
2609180087183190
2609160294189577
2609180360504677
2609180042598044
2609180343564685
2609180301214546
2609180184749524
2609110198027286
2609180144005431
2609180025601966
2609180116834260
2609100587819841
2609150050884849
2609110173865982
2609110061877354
2609160125621033
2609130428414064
2609110033934550
2609110070026458
2609160501223101
2609110201847808
2609110067806031
2609160297496310
2609100101045530
2609110074986897
2609150236305419
2609180017213422
2609110207379541
2609180081955328
